370678
221406
34153
292584
252024
261658
297711
272961
297876
241533
286858
295830
283397
272588
281238
212073
230665
281348
261492
231065
211227
272594
296112
275348
293240
294920
257623
284755
282372
262250
233287
206957
218583
220491
228234
288498
227856
273170
261610
290779
290452
287158
256959
12831
286474
226882
272470
241436
294903
229090
241059
232932
274008
261611
209019
198346
371782
336412
342816
341885
342327
140202
332097
340967
213610
269759
305865
203979
206016
209647
201689
212788
209975
200460
305027
305695
209974
211281
333985
203019
203608
203020
202003
201790
186609
27633
27782
27694
27705
27657
27660
27661
278969
310112
310114
