366526
363616
355845
351724
353146
355178
354872
346533
348925
350940
348304
350196
347705
347097
350611
346886
347638
348361
355306
351649
355134
352368
354848
354922
351839
354116
353208
356018
352928
355264
354194
355397
355781
354243
353201
354659
355616
351793
354035
351718
354770
352003
355582
355949
353487
355937
353554
354658
351625
355319
355266
355694
353934
352808
354230
351668
355948
355336
355500
353139
354260
365404
192778
59556
207772
201999
208192
366346
366376
364657
363297
366833
366053
366338
98970
367084
137788
90131
95210
334576
96975
219335
148401
222034
366826
340437
340432
365147
148369
366179
363819
365389
365219
195543
365164
364298
366027
155364
200826
256798
363511
364301
363691
366614
365929
365047
364821
284517
227373
241057
227663
156776
237969
363707
112933
69312
172870
198319
177486
122570
207654
81271
111276
221487
330559
166678
363222
366549
363826
364233
365391
363177
220544
330482
337660
364990
364601
363807
147235
367105
111815
210643
364718
366019
280459
79405
366419
364831
364947
219650
363154
76578
97492
364575
367064
178573
362637
202359
366170
195392
364567
362915
366133
365096
366503
367231
127276
365463
99259
207590
366984
330481
363432
128593
158433
335583
365287
363172
94667
363210
362610
363285
364916
367204
364265
365328
366958
367115
181109
366209
363310
363134
365415
205844
172034
206867
364333
367222
290036
183034
90267
367227
363414
367220
366097
366071
203679
366506
366164
196096
366688
363306
193535
367050
239542
95822
208271
126699
201734
366206
364930
364667
343581
366058
236626
362594
365310
94025
362853
365058
366353
367174
177136
365191
192162
226338
225217
226766
230826
373331
373014
373232
373523
372384
370283
330745
330689
330834
333614
332214
332880
330429
370354
372988
370653
371883
372563
370473
331166
371568
333084
370770
372758
333618
331029
371794
330555
331678
330703
330752
330756
330319
373632
373652
372993
373004
331297
373837
333592
300487
372744
331337
334057
330927
331935
331838
331855
333804
372699
332529
331236
373132
371582
333154
372715
333317
330259
331836
370732
371914
371930
370311
371077
371090
372525
370509
330726
333676
330542
372230
333204
372641
371798
331698
372350
330364
371486
372521
373284
330655
333192
330739
333919
371845
370477
371455
370263
373058
371993
331841
372597
370475
371340
373741
371891
372337
371586
370325
333428
370599
373533
371261
333430
373550
332434
371267
330706
372818
370797
372360
370207
333956
373506
330336
370458
373117
371873
372147
372362
371068
370332
373247
373001
373743
330442
370326
372257
370659
372564
372937
370333
372148
332229
333577
371307
372252
333755
370678
371113
373145
330716
332242
373705
372279
330389
372364
372643
331017
332368
332388
372932
333817
330733
331152
331406
331848
371881
372059
330312
371687
332540
333121
371724
372201
372569
331069
333226
373429
371793
370489
330763
371006
371842
370517
333844
330262
331143
330700
332445
370995
330277
373003
371761
373269
373002
372651
331154
371341
372658
370478
370484
330620
370908
332657
370910
372661
372562
372871
370962
373620
372162
370472
330344
371747
371462
331660
331047
372838
372695
373359
372942
372158
333538
371258
333527
331396
373306
371575
372178
330454
370491
330274
370783
370976
370927
372905
373409
334028
371850
373571
370821
371570
371971
373165
372666
330284
330341
372946
333780
331994
373410
373375
333706
332669
333435
330930
330770
330629
330356
371981
372400
330590
370628
333978
332119
332547
333357
330632
333444
221406
34153
99796
23286
278083
278824
292584
252024
212571
235095
268335
205776
245693
208289
284420
268394
224718
278344
282378
294905
140691
261658
297711
272961
297876
241533
23600
72746
26437
280880
240936
227313
283362
282376
260712
215055
250518
288110
278926
232458
286858
231914
242145
295830
283397
272588
281238
212073
230665
281348
294074
261492
231065
232644
243386
251935
89494
13046
210791
211227
272594
296112
275348
221393
96491
294924
293240
264853
265263
275422
282473
294920
271568
269212
237714
270665
280562
280609
257623
222055
276318
282429
284755
286378
238426
233036
282372
296065
215030
262250
233287
206957
218583
220491
230261
228234
274838
288498
227856
279540
257971
273170
261610
290779
290452
287158
121542
7081
77531
80896
136378
136513
239472
256959
89623
90659
119832
26597
26801
79637
236948
226375
293418
274178
269674
216534
293847
12831
298636
245743
247498
294554
244240
250177
131577
19171
8934
19273
96636
288936
284644
36295
10268
136959
27049
122594
132827
9159
27507
81597
294919
286474
226882
238505
295991
272470
282369
241436
257502
251421
282414
136797
91293
145339
11251
86229
140517
34202
5166
13402
71173
118624
7947
94276
294903
229090
241059
232932
298818
299564
215634
232982
245689
272516
274008
208428
297917
291027
261611
31559
22342
16901
13770
6548
23916
155129
97300
19996
28002
97499
20562
4269
360105
355549
352124
356074
354299
356955
357287
346000
353083
356283
360041
350159
346372
360582
346181
346158
350986
356349
351418
361441
351361
348263
346016
352798
353671
350152
346546
360313
361841
356182
350081
361250
359798
361547
361851
361752
358953
361275
359924
360176
359191
361493
360491
361000
354424
357205
348652
350776
346770
353263
350566
350439
346836
352910
356651
355192
356597
352889
352096
357144
351876
348184
352042
348309
356286
353216
349629
346837
349505
353614
352009
360566
353472
347195
357094
348911
347672
345578
360718
361946
360020
361478
361635
362041
361458
348793
349283
346231
360374
360055
354034
347107
348189
354048
356414
356377
360107
346168
345185
349508
350264
350806
360592
361378
360025
360823
361954
360659
360102
353945
347392
347201
356293
346525
352819
352110
348144
348866
348511
345217
350168
345214
348946
345955
357244
352627
357020
351402
357022
352062
357150
352079
353961
346063
345625
350572
353127
345210
346563
348296
345262
350177
350712
348364
350200
345954
347110
347481
350488
357142
355261
347617
349593
352367
355133
347803
359466
360361
361943
356347
351140
353190
355360
353629
357218
360568
361638
360992
359840
361541
348254
346290
349919
348406
346558
357243
350218
351433
355703
351858
354856
355010
354868
352087
348926
355847
352857
355994
351979
355624
351838
352562
348355
348370
348311
355604
356532
350219
346926
348297
346234
350401
351956
356564
354842
353370
357051
349630
359005
350203
355043
354052
352731
348646
348857
348272
360935
360204
346054
355916
345628
362045
359488
360745
351389
355637
351209
350633
361050
355095
349801
360203
347486
357314
355683
356011
355906
354487
359006
359267
360626
348260
360293
350593
352628
346696
350519
346774
348404
345385
347912
346814
355269
351865
356070
355312
357259
355518
352382
360977
361130
359442
360345
346389
351611
346515
349707
356308
357332
349262
348313
348399
361022
355204
347184
356285
352638
361874
359954
352456
360993
360983
361775
357145
357149
347919
350078
348887
349369
361761
353136
352234
360326
347731
351533
361900
346507
355541
347884
353768
355330
354415
355953
351491
348371
347634
352951
357295
345084
347918
346481
350965
357306
354974
350361
349463
351518
348185
351781
351915
350198
346528
349772
350988
348635
346178
346493
345744
346511
347038
346182
345156
346560
345034
350129
348455
346686
352600
355402
351214
351561
359192
354949
353384
351904
355693
352735
356199
351771
359348
350220
346503
352406
357062
348958
357330
347567
352929
356958
353123
351257
361697
362088
349810
348026
346917
348415
359443
350481
345172
354196
355962
349265
355481
352595
354256
352197
361668
346945
356351
356470
355386
359955
360524
345648
350153
347246
350320
347367
355532
352979
351438
360070
361592
346327
359060
355231
355783
355768
359369
347189
348643
348553
355110
346485
355119
352933
345220
348050
349201
346568
346846
354821
354199
352719
355224
355033
354059
355485
355247
354086
356757
362069
360257
360486
346184
346083
346666
345139
346682
348472
354816
348117
355933
351655
357281
361615
348091
358919
359852
349667
345768
348089
350280
350864
346145
346052
346783
347009
345398
347784
349102
350626
348279
347489
361179
352023
352039
345757
355990
349578
347664
361891
360558
348727
348243
348790
355951
359759
361451
360364
356337
357202
354075
346512
345081
349691
350605
355081
355351
351281
355290
354530
355671
355211
352128
354246
349144
355577
355002
351964
356954
350937
350211
346302
346506
352564
354091
353368
349960
346227
347365
359147
361031
361808
359864
360315
359952
361274
355896
345682
361025
361833
357206
346644
360877
351333
355697
362013
360789
360302
347002
346140
350148
348277
353138
352207
356340
354531
349612
354253
352453
347809
351328
348435
351087
356034
353826
356036
353418
353817
353021
347911
350265
350416
345251
349333
350158
350383
355080
354907
355907
355908
351903
354220
355166
354358
359888
350051
349948
347789
349814
352377
359962
349703
359533
356887
360253
362087
355574
350337
345263
356085
349085
361596
361257
360023
345478
346196
346654
360053
361925
349300
345342
345371
354211
350719
347044
360359
362010
361083
361467
360139
361191
351947
348008
351665
357268
355965
354488
350570
355124
352651
354374
351898
353280
355107
355293
355502
169051
355684
181608
154477
177274
355509
354434
351623
353019
353028
356006
353183
353131
352265
354854
351501
353339
352659
351230
354430
355674
351574
355930
355084
356105
351911
353973
349454
349151
348702
346632
350632
359803
361913
357139
347364
349167
352260
346447
346417
349445
348884
351897
355142
347083
346057
352610
352566
354451
347720
351647
361730
349330
346986
346617
352569
354871
346197
345747
351600
352108
356291
358943
348315
346651
350009
355052
353288
351213
351951
352366
355251
356202
353856
355490
353883
355959
346086
345793
351856
352120
358944
359261
346773
354921
351808
356333
348681
360787
350142
345400
350433
347968
346712
348831
348916
353246
354979
353941
352013
353498
353923
360907
346883
345512
350326
348850
359035
359347
350282
355727
351920
350197
355975
361354
359499
349857
346504
350149
353738
350344
347943
346402
345413
347023
346587
346098
356686
347011
356706
351990
350147
353990
361661
360230
360338
350207
360442
354732
348500
351591
354894
352017
355666
352846
354837
354491
353057
355311
355298
355158
351097
354699
354729
352275
353133
352336
354859
353243
360835
361459
353266
349902
347798
349107
350496
348898
346897
346514
352656
354304
354106
355283
345726
347429
347303
346148
348959
361270
359067
360384
361382
361060
345494
348314
346066
352126
357153
352584
356348
361446
351394
355612
354233
361511
356409
350165
359838
360198
360941
355648
348171
356281
357095
354323
356357
350145
352957
348855
351183
355230
360970
351276
352388
354494
346483
348768
361185
360777
359231
361568
359631
349618
348075
350923
351479
352637
346270
355759
349973
356652
347381
355443
356312
347406
346552
355357
353018
354336
345691
345986
345607
349671
345083
350630
354427
355078
361561
361057
353180
360681
360989
355728
351894
352103
356007
361981
348403
347553
347534
345471
345589
345526
349270
348955
350959
347729
346176
354790
352703
356734
356000
353113
351564
351775
355486
355167
351303
356193
354132
349805
350423
349475
350588
347079
350322
350089
349205
354641
355292
356109
354037
350938
353040
353824
351201
355177
351616
353841
361902
355288
362003
345242
349800
350584
345473
353392
352831
348788
350428
349479
347186
350607
347526
348834
354104
354234
350302
350285
345373
361256
346422
350169
346720
346761
359531
361197
359707
359964
359794
361632
360687
347828
354628
357066
347910
348226
351912
355950
346071
348846
356238
348274
348679
347568
345265
351563
355451
359043
361574
356326
353055
345555
352384
354592
347901
345238
347449
348120
345836
345248
350195
358940
361365
351798
350335
345152
350136
347100
346164
350598
350863
345117
349485
349042
345854
357327
356490
352097
356904
361942
356889
354468
350205
349396
354575
354477
361322
348037
349809
349758
351173
346985
361601
360943
346607
355406
357001
353120
354815
346081
357032
355557
347015
357024
351850
357148
361672
361840
360377
361807
361584
361106
359582
354433
352514
346815
353269
346409
350228
347221
329109
147803
159988
147342
172572
140953
172580
158611
329976
344758
105774
64669
96466
70544
72684
68453
142065
145294
161501
115087
122739
117983
107904
364861
344075
333787
365386
83784
110812
172699
144822
169624
147748
67715
87928
101662
76303
63351
65212
85835
157690
166854
146204
136820
162258
137068
172381
94671
118041
152290
152402
172498
138361
169116
169175
82203
116204
123693
79576
64356
88051
158249
67017
73385
76198
124084
96457
372590
372903
158899
329761
172595
163496
163563
137246
163567
154184
160181
143752
373499
331667
160253
168290
172602
148861
137178
163084
169406
145289
144590
361996
359999
325590
172149
160630
172158
151015
172178
172558
141158
161485
142803
167657
369964
355568
345962
364802
364863
330081
328881
348343
354342
361805
154110
167229
167241
167445
369010
89614
123773
119218
91960
128394
74279
117943
65182
126072
106807
117898
79692
88541
124949
128396
126104
89621
89652
95899
95930
357617
368856
367525
334418
334770
149942
94564
78145
95166
68586
73816
74093
151627
139004
161909
146723
82477
360976
328062
347369
342931
65393
114355
114494
77526
114507
125122
162117
171658
136954
172688
160698
155029
91156
105614
86673
122706
137263
124685
170136
172696
358018
352152
330386
356736
95807
129747
165759
172665
155792
144475
172694
107629
126416
109015
65900
79442
96504
79705
124987
161799
67899
71651
122699
139980
152821
162932
158482
349738
350852
349210
328291
365114
152994
172533
140347
146674
163900
161515
159322
71909
163265
154138
138741
145769
172642
172651
138948
148148
172627
171980
136939
168759
172613
164303
140376
141146
158710
165045
371175
348000
327130
364116
160085
168165
147892
147927
158812
165120
168905
171654
145833
156883
149184
172657
166271
171907
136933
162197
148200
157586
114496
136875
116168
98569
71903
136803
161930
138895
172668
155371
172670
172619
148630
365983
148840
142443
159974
154746
138051
168171
148489
327259
325485
139893
166879
151549
151553
136802
137475
137512
164150
141153
105401
145689
63363
84069
116301
97353
158073
160649
149036
144212
169456
337130
356020
327972
148370
168929
164311
164316
148377
163448
353701
360170
148140
150461
168361
72614
129725
110822
66361
98573
154193
154203
168944
159690
154620
138012
141322
166619
149221
152738
155087
158503
152411
158013
137102
137172
152683
139836
328232
335799
210425
138881
207634
63620
336804
335396
335754
335818
335629
338034
105601
89237
117713
70844
128013
83842
122635
62001
21123
116433
56607
45497
78896
40839
77628
62537
120984
79976
90993
91955
74366
330905
53502
154951
337251
344362
103823
201629
149093
95529
181901
199405
123765
202149
225218
335548
364855
369627
328526
368295
328338
367049
369691
362692
365094
363080
363809
367207
366983
366653
364246
365377
364232
327449
364585
364587
365262
366548
329287
369893
369046
369385
335223
335901
344677
344900
127204
100064
148323
177505
177521
198616
84012
178482
332959
335468
338158
344112
344135
336972
110807
65874
101424
66356
125007
24709
23537
52713
41357
9006
73282
56752
108872
65377
49262
73369
41911
86789
56147
72814
39821
336563
335341
344107
344502
344106
160346
194106
125266
207911
54025
170832
344104
343521
343947
344294
343471
222444
85254
363589
328973
366986
328981
366557
328083
63343
368004
328604
366846
369289
367572
364933
366913
363129
368516
362849
365131
364954
214227
337030
344078
337604
331137
344851
338407
344556
57652
343852
159269
96102
343916
334329
344823
338032
336208
82629
80063
94212
94853
70781
96995
125118
87535
84518
61960
76261
54696
56956
28328
18942
55799
5895
22359
122522
48597
13806
65795
344085
343452
344315
330236
331745
334151
334225
335159
335525
335530
336559
337986
336760
336209
337863
143747
166698
175391
369201
364557
367742
365925
168823
226806
368651
366205
366102
328493
364626
328128
365153
368758
365497
369465
370049
328133
153415
127178
64627
207664
154091
215835
154131
128249
59467
97081
224569
217890
172845
336095
337702
336872
335150
343402
83562
13326
31170
34185
54111
5331
67079
109191
25716
26837
32459
19788
94683
44406
93442
54906
114524
48568
53888
96838
344334
343622
77370
177109
230515
333377
330828
179853
343477
336034
330640
337296
337013
331554
343532
344488
338211
338229
129906
54636
145042
366499
363822
363614
165381
368490
368032
328061
363417
365693
368761
367423
365565
329066
363175
328028
70644
364771
328972
329931
364499
61893
40980
122419
128486
83460
122603
66246
63488
110972
82630
114172
94245
66877
119589
83615
110701
129694
4729
19464
96338
13254
14700
48158
42317
91727
29434
84476
39941
68404
70457
76659
97027
82350
76693
67231
128174
98342
337516
335172
337549
335194
335582
58131
171620
154613
99360
193465
331750
331759
330705
330515
331791
330758
338138
335965
335969
206719
187911
172263
367228
365108
366166
364088
364025
365705
363792
362614
150501
369571
366142
366701
363692
368678
363442
364666
152418
366415
328465
329084
366196
365621
329085
364989
24853
13660
68763
126952
106261
13047
27051
101021
122274
104600
64230
96448
115700
64241
87237
108629
71072
123665
104750
116134
87723
79434
87758
89739
36125
99539
103995
59545
49215
122402
52293
31280
29781
89061
39477
48837
83939
62842
116386
64419
2067
335975
338141
182971
111798
188079
199892
200247
166543
172887
88182
330959
330415
332855
331176
336315
335705
366502
363291
366171
368282
369068
370061
329850
363032
364642
367063
364940
366337
366084
364832
366831
368592
329707
215893
366649
368312
328315
365627
367561
370073
110632
66352
67006
99944
78052
110270
104077
63681
51724
59838
72052
20632
107961
43329
13272
80978
10307
48653
14874
17832
122374
21950
30357
20704
27142
53947
34073
28182
56566
15627
59768
103847
63852
63796
121834
26772
37059
337046
336306
343383
343557
219652
336389
336904
343475
343615
337359
343576
335385
332712
139449
344392
238863
197406
337796
344284
332331
191736
195623
344287
337166
327681
367584
368253
368898
367579
368300
368040
368887
363468
368510
153197
211045
365385
363323
365082
13253
43330
33681
51385
19076
118562
86736
68338
67724
113924
60066
116309
129567
50871
57754
72887
40028
21698
58942
40934
53890
344136
335566
343997
344221
344165
229585
136886
164782
201791
326760
330247
334286
343764
336301
336748
206861
221340
204341
162972
330915
332191
333268
333281
331174
337887
335491
338100
335778
336491
336430
214905
327504
369821
328473
366532
364563
365647
364614
362709
365745
369790
369495
369681
367464
369801
362871
366341
364997
365469
368833
364656
366726
365905
12837
27358
87228
84947
103917
94433
106516
40554
14908
31319
33838
26652
42991
122731
93719
112280
71160
76278
67062
62502
336677
75332
169999
208916
206335
200623
175732
237387
63320
204879
202866
344252
344255
344257
343999
343617
223389
333022
344581
234730
232048
143425
183267
133650
219205
147404
207455
337338
344262
343762
338022
338041
337394
337754
344330
343794
368118
366045
368272
364822
366637
365655
364173
368892
328415
369130
369764
369272
328793
327455
368105
327701
363164
366814
328269
365390
327707
365439
366536
327987
367639
327431
91942
3039
94687
47394
74674
68765
46825
117624
54081
68450
13072
121473
117862
13286
46609
58865
34379
69869
32766
49092
26438
69074
335928
344585
221580
344541
331185
337407
335623
343446
343719
220008
335434
337032
213980
168293
172185
99216
344018
336062
344920
336392
334345
332187
337979
207734
142050
144626
128621
69919
178684
206559
330460
332970
362656
368755
328834
328516
329460
369267
367193
328841
328036
367432
369856
364605
171248
328431
362781
362856
363430
367612
363775
365882
64436
363273
3751
58005
46291
5948
59531
38872
59539
84675
109259
67126
112611
98419
84763
79429
38654
125648
95253
73732
126713
117614
79852
235330
132504
94405
171432
76648
337060
337828
344912
343722
343447
343545
343725
163564
146989
121720
222945
332978
331104
330566
336112
338040
338055
331441
208160
81614
105888
210660
367695
366104
368249
364970
329860
365528
363410
369383
368311
369386
368037
328126
367402
363922
329439
328873
328501
327490
363300
366149
368058
369864
366155
329703
13305
23607
29098
17365
6084
6333
33290
6311
14901
79669
118594
87692
104683
123669
40026
2052
28004
181532
157110
187994
142998
332363
333833
330622
331350
332744
51174
208299
343798
367259
327473
366757
363887
329090
366607
365619
327907
364544
329932
327507
367233
363706
363153
328772
328862
368172
369471
369473
364983
367604
367446
366111
366285
163442
368298
327621
328560
327264
370068
367996
329941
327274
363618
367988
364509
363367
365890
366666
368547
369137
367149
327939
57529
362605
198710
329963
19374
47560
45391
119716
13260
19841
59727
47942
12981
83373
101126
67071
74176
92345
92363
69190
67721
64296
41813
557
9047
59779
64132
221496
338393
332700
72051
208852
60842
165417
181986
94012
209955
231547
189507
95386
62458
153254
209019
175172
326202
336863
336865
367559
368339
362719
367240
365337
366335
366280
329939
365069
366505
327919
329059
328498
367666
363715
363305
329866
365300
327601
143062
327521
367715
369222
367381
369991
328559
367667
328142
329262
370026
369274
368852
327980
328840
363265
363801
368241
329446
368524
364595
366350
184715
64748
114115
85568
74751
67078
106291
61373
7406
94867
93820
129370
119717
74666
81796
81892
91443
98473
94808
122684
76300
93598
106537
338432
64428
107682
187476
64632
227112
127165
204649
337245
335679
336731
336610
336049
231768
369198
368115
367766
366925
329825
367589
368825
369762
369928
368509
327809
368942
366841
364929
364883
364272
369136
369320
363647
364388
368843
370037
364568
363360
363378
328506
363828
367069
364866
362639
369134
329835
86176
332423
65614
61605
68750
122691
94226
98315
78564
102423
21221
55820
4441
48136
38687
129855
111951
120514
111348
98379
67025
129983
121132
76989
89556
129282
343981
343508
343647
336982
336168
344560
344647
344901
337665
344314
343511
344269
338027
343838
330863
338080
336836
343979
208595
198346
369339
369965
327465
329513
328867
364608
366295
366229
327884
327345
364329
364220
167022
327505
363585
328882
328296
329144
329880
368537
369370
329034
328508
327517
335299
337930
336499
336502
100330
187901
115347
228828
74685
150663
198237
122209
56823
86412
74105
110898
97417
95246
76982
103592
97200
125624
122283
29515
87312
90783
39885
97007
68340
33072
59711
28653
53516
38755
53588
30189
58342
72907
136205
338057
335748
344467
344855
344184
344680
343761
344561
163473
343439
338242
338038
332111
335221
332751
338133
336302
343747
336766
333911
369937
369716
329477
176986
171549
100214
365489
367390
327871
327976
329217
370067
329305
328259
329811
329671
328679
369916
368018
369556
329728
327508
176113
208249
330648
332735
334324
330947
332894
343441
344248
344611
338275
130366
337926
343709
335305
90279
337601
344100
76562
328865
328435
329113
372967
328874
367575
369352
328683
328708
367652
373399
328238
329723
328910
372907
372172
373395
370286
371481
370531
370681
368796
367771
368813
327519
328925
370256
371257
369698
367451
329482
328086
370081
371852
371272
330627
329021
372383
329310
370291
370584
328645
328134
327501
328334
328321
368831
328569
369977
329660
367872
369510
369867
370769
367394
327544
371040
328335
329684
371057
372379
328476
371566
328231
367651
367660
370294
332919
370236
369273
329658
329895
371245
327404
371103
369541
371102
328241
368034
328670
372222
371791
368956
327551
367913
367600
370101
371948
332623
327605
371556
371250
373131
371227
370780
370870
371631
371650
331293
372174
370516
372406
370248
371025
328646
372381
369712
329312
367615
367831
369876
329468
371641
368130
327478
370471
328118
329962
368045
369995
367471
373354
327464
328273
372805
369001
329630
369886
368961
367603
328317
369127
332030
329483
331430
328404
328285
373342
327619
333665
328320
370424
368319
328461
329954
328997
329520
330674
371333
329485
328935
369453
369780
367751
369006
328909
367396
369904
370092
369425
328002
372953
329884
329890
370002
368263
372370
372490
372732
372798
371422
332474
331954
370811
330235
372456
333177
327767
367495
328905
368215
367433
368952
372747
368085
372908
373324
328322
368098
369657
328117
328916
330397
331648
332373
330398
332172
373006
372656
372862
330769
368149
371622
369011
371464
368948
372212
332157
330658
373109
371592
371600
330298
330304
370497
373013
372352
371846
369507
373386
373369
333295
328729
327545
331251
370864
327538
372420
370636
373418
372785
373152
371360
328157
329763
331148
330696
332366
370832
373317
371429
330321
372341
329681
373531
370031
328366
332629
369122
327351
331618
329011
328455
329765
328824
327387
328457
329013
370791
329447
332758
370498
372424
372789
373024
368380
368414
328986
328181
367776
329773
328818
328256
329052
370204
329055
327327
327863
329332
328755
329346
328504
329965
329404
371862
372618
327278
328845
328693
328148
328214
371843
329961
372581
371612
373264
369673
368047
368805
369778
368335
368156
328102
368716
329665
371381
371225
368699
369982
328346
368957
367926
368744
369151
368495
368099
329918
372755
373599
329757
373224
367748
368075
328294
369527
368986
370851
328894
328535
328505
329285
328069
367500
367616
328570
328803
368342
329771
370590
372902
370574
372965
328141
372605
371232
327395
328400
369099
372188
371740
372616
371335
371338
328307
371331
372933
328896
370494
331614
333168
330666
373403
329587
340625
338925
362954
328063
368954
346497
361789
370520
331435
363030
331252
338180
335193
365604
346473
329071
372288
357046
95429
181934
116807
362911
223778
365842
224734
200185
252985
278976
100419
364582
332607
362947
206208
135474
84480
165540
363534
144565
100540
208620
328156
362942
371185
342392
170161
364809
92588
362899
59315
71701
64639
188043
206515
329325
347167
362090
341932
99673
113722
363489
182467
208338
204848
332493
330399
362254
142462
163568
143732
57974
364290
366322
362992
177448
366089
364216
330608
96665
366317
197381
133646
364616
186888
363550
210487
62589
178227
215403
75807
218151
55997
364814
363199
67830
196681
367104
364117
86402
365420
363218
366021
365198
161007
146924
364723
365810
148944
199211
131108
342608
104984
105145
235291
364640
365394
124075
187882
77320
128412
93939
89824
365189
147808
211992
154527
367112
365935
333242
364156
366251
88362
335391
363837
357122
342290
328403
371149
367860
335654
330487
338258
344102
190111
333474
344345
336016
338357
232632
344759
343668
344756
343756
332122
344453
336680
338473
344856
342777
309117
277713
341921
343180
342908
342364
342435
326275
287065
326237
309105
293367
327085
272217
306676
343231
331652
333589
337015
337912
338052
336877
338053
336650
337786
330527
330533
331811
333726
331612
334482
342996
334355
342769
342984
342414
270446
343057
341684
342768
341923
342381
342514
310330
326910
277117
326992
290819
342869
342443
343222
342871
238688
61910
155423
152717
343509
343556
344288
344025
344399
332323
336025
337306
110977
331009
332571
331770
341819
342936
342181
343191
342423
343075
342925
343118
343077
341825
291782
308825
326700
278527
293843
314059
326657
322940
294743
326593
334794
334635
331156
332021
306311
327032
282537
297555
312566
326620
302245
300930
326556
312273
276367
265884
312564
267158
326610
277519
280040
292119
326689
309035
292383
327025
280313
284289
343978
344508
336461
343524
335282
332344
336853
344676
338368
69135
343473
344340
343517
200914
337493
332197
331196
334692
331849
334795
334976
334600
331802
334035
331832
333427
284457
326240
326506
327110
291628
296882
341829
341743
341965
342387
316411
307999
342507
326500
285256
282276
326256
275014
264915
321355
292794
268957
326661
327047
326958
326278
337506
337993
335539
335330
337879
343824
142493
198720
55782
197618
146508
337900
338462
338367
338475
334419
332593
334841
332713
331532
334459
334943
331592
269069
326265
272583
264896
326344
272146
327040
326758
326960
326393
304216
341896
342689
342396
278532
342160
299120
307431
295947
308995
342398
326231
326718
326535
337036
336719
337846
192633
332914
343732
332413
344555
335839
129722
330677
333582
337349
343488
336338
332799
80998
217332
344710
344497
337883
344192
334960
333604
332966
331175
332917
331032
334972
332222
331229
332189
331932
326235
311168
326687
292437
289214
308295
326233
327109
304862
327046
342785
341943
266880
342440
342813
342927
342666
343103
326279
344659
344250
343731
344822
344370
343623
344264
331436
331588
336240
336083
344024
335257
343385
331472
344119
332047
331178
334711
332364
334504
335020
331240
334707
335022
333127
332279
332736
332665
331414
331616
267421
303641
326327
289107
342210
341793
343225
342873
341929
342816
343042
342460
342467
342469
242978
242956
341976
279817
342315
341964
341956
341908
342983
242925
323954
342914
326511
269922
326225
293589
326418
342201
343026
242971
326419
326678
323916
203945
265975
326543
342744
341892
343369
335179
337809
98924
186176
199043
62302
226666
210608
163503
219450
336954
335535
337445
337468
336560
343882
335001
332182
334470
334948
331662
333671
332367
333696
342372
343317
313087
327024
278925
326671
341937
342389
341970
343230
343028
342883
343039
342892
342011
342196
342972
342790
343219
342854
343197
342773
343534
344913
77797
93260
234373
209279
84554
71704
332012
331227
344935
337585
338453
335758
205801
332137
330430
338017
337102
344651
330850
331837
334708
332320
334710
332326
334548
331287
326920
373089
342488
342819
343074
343340
341939
342509
342915
342395
271669
342334
312280
342093
308280
341738
342847
280752
326550
336152
335838
337007
335981
336937
150245
344283
335728
338105
335352
335361
101052
216475
177475
203064
205846
333066
331295
331659
332359
332341
333057
333615
326765
273403
271228
267851
342673
342801
342959
280594
267490
290011
326549
326337
306077
341894
341901
308562
343128
342680
342448
342803
322703
270361
326622
326642
326299
333742
332618
330624
338616
336156
338126
336217
338042
195269
338565
336494
337427
333081
333106
335013
333635
334849
333581
334417
334713
332371
332375
334622
326704
326953
266275
326776
295615
326779
280883
277300
297215
326808
343120
342805
273400
326609
292436
326355
293385
291642
327044
327002
316912
327014
309592
337977
181157
335816
335517
330979
330678
330421
335400
336845
336155
337070
338074
335742
336564
344076
140672
337767
344628
330403
336123
344188
331847
334412
331840
326591
270340
284134
275365
326386
342747
343147
343061
342365
326722
296720
326234
280028
325831
272837
326720
321290
326404
326651
327036
337882
176952
126208
147736
177799
336196
335717
335471
337040
337050
335382
333464
334616
334619
334358
332881
334810
331048
331551
308946
327070
326352
299728
342370
342091
342092
342189
343293
341830
342314
293156
111570
287267
299773
268899
326263
326387
327127
279843
326743
268907
343870
344111
100485
208435
181012
335520
344350
337921
336258
335794
336752
332586
335766
326999
326432
332146
333429
326649
332975
333021
334158
334858
332237
334480
342638
342166
343245
326471
285477
342495
326691
327022
300449
276338
265247
343505
332289
335161
336652
336572
337388
335761
343403
343930
343540
330683
343451
335549
343718
338293
338245
298033
326602
266033
308967
342145
341865
342909
342531
342444
341817
343105
341884
343108
342910
343111
341885
342327
342489
342453
343375
342867
343316
209269
365013
366150
362745
122027
366533
168101
362681
363575
366590
86434
223242
189232
364607
71707
208583
366732
225411
364613
154797
194350
208844
362747
365626
366312
366785
217200
110369
365436
363742
365698
191473
204358
362906
363036
363358
364624
140202
364615
208968
364634
147487
364049
366303
363321
202102
210253
64001
203039
136602
363278
102751
332421
332433
331308
331331
333157
333730
367029
363363
366973
221520
177634
364101
51805
363302
366083
364988
178832
365648
198389
86633
334578
333750
334347
331144
334830
334925
331078
77721
365899
365675
189625
74024
366291
362998
363483
366144
348847
113037
328576
334667
333543
111677
332622
365488
362817
365889
365616
362859
366638
362716
365620
366484
363595
365921
366044
54023
365873
334933
332116
331024
334367
334377
331999
332121
228524
364763
149296
364817
72274
365115
363254
364558
208888
234548
363087
364181
52703
366587
334396
331115
334346
333486
333174
332441
334725
363399
207723
126201
142517
177508
364212
367048
83475
201152
363457
366662
213535
117917
135733
362624
365514
333806
331142
333191
334363
334342
333783
81312
81562
126121
97880
76097
120227
331146
330912
334731
330926
331747
330928
333848
333361
334939
63885
79077
93808
121453
67172
97574
79325
126493
76635
118002
65699
122912
97581
62639
84049
112657
72336
333513
334754
330939
333929
333957
332859
334644
332097
85382
117992
82076
102045
114026
121464
91103
72835
98347
108856
118431
122256
83898
113501
63105
67326
66690
122847
87589
100824
109316
129192
92721
82754
333236
333312
333341
333916
333266
83067
74192
74367
129822
111343
73371
99037
99072
76085
99448
110950
97447
117969
62779
111373
130007
111797
332467
334767
333269
332481
331453
334326
333439
334656
331544
334890
334778
333988
334718
80984
89575
94531
127679
129806
365054
365767
364304
197427
62436
366103
365490
365508
173853
123688
330974
333390
76717
154108
163561
366329
228844
363906
363293
363424
366651
364592
366203
64421
210695
195680
365715
363274
364514
341258
341398
341104
340879
341054
340753
51361
37404
24017
58138
53030
57348
47753
9795
39052
340967
341400
341127
341415
341441
33836
38577
23949
31213
55033
60711
340379
341941
334800
332827
334652
331153
331376
333838
340270
341545
45279
35394
57531
37045
39498
4807
61472
10687
48090
17172
29127
48149
46081
47299
2895
44979
341187
341269
341470
340677
341550
341179
340683
341166
341647
341106
341649
341245
341723
341222
61808
22480
17331
26695
2269
56691
59712
8617
34949
23792
42341
26793
57828
365
11285
35988
16686
52606
60042
35062
35244
58669
13800
340713
340843
341318
341309
341540
341014
340991
341574
334593
51673
55980
30372
30811
3899
31125
57154
6105
55626
115
340912
342939
341835
341958
341860
342935
340653
341382
332543
334180
332628
343062
341821
342158
340288
341224
341297
55837
9601
53392
51594
16562
164
21425
28272
55794
53513
32675
45310
7468
26060
47919
341704
340417
332129
333764
332672
332701
331480
331431
340619
340387
340780
340163
340164
340933
340779
342942
342634
342146
342787
341349
334585
341298
340812
36991
48449
23977
39502
23279
4177
340170
340620
341273
343046
343265
342366
342076
342586
343150
342411
334609
340409
341000
341131
341260
342088
340740
341344
341111
340935
341011
36619
7217
48855
38356
60792
19328
17983
7364
334602
331936
334601
341141
340988
340192
340654
340896
342716
343174
341031
331338
334738
334588
334589
333209
332653
341448
341023
340751
340474
340407
5193
15419
39529
35395
43963
45418
43966
42019
146
25159
1033
341745
343027
342278
341777
341077
340929
340882
334404
331149
334673
334407
341241
341041
340185
340710
341339
341107
341520
341152
341154
35471
20603
55252
13403
60610
26225
137
30153
35361
21590
61146
46076
53003
340661
340496
343223
342494
343326
342339
341006
340716
340694
341546
340413
340633
341496
340797
341158
340289
341157
340965
340626
341484
48159
39640
54007
59029
47845
53770
7349
24635
6305
54272
57709
37380
60039
340212
341512
341281
340188
340732
340357
341599
341602
341610
38495
19879
16740
34428
45537
44488
17283
340385
340873
341048
341026
340699
341597
341091
340422
341330
340824
340593
340362
340662
340783
341373
4339
4714
50030
10210
38095
3732
7676
13340
4598
36975
44960
31150
49845
38211
22571
330892
332394
332538
341661
341682
340523
340925
340488
341324
340462
340880
340884
340759
340889
341335
341629
340838
341531
340313
340246
19295
27837
281
51430
30818
39881
27388
58567
39123
733
48154
341086
341163
341295
341010
340274
333902
334594
333290
334771
341097
340369
341100
341120
340616
340617
340964
340386
44772
50242
11850
31120
57095
48147
49328
340511
340895
340900
341338
340908
340486
340563
340568
334282
332811
332170
334413
340761
340545
340189
53250
53398
53323
55343
39159
42538
53811
37011
36029
16288
44423
42342
51866
341170
340676
340236
341288
340842
340269
6854
6858
46262
19597
28707
241647
342358
166718
168942
169564
170424
256391
136511
136521
171417
171266
171258
171209
171520
288728
117124
61820
306842
306824
306835
307128
306908
306713
288734
361053
361065
361063
361108
361059
196656
53884
53842
51163
1037
1500
54423
1556
56756
53175
55476
110371
111687
246630
181687
168933
262773
262784
91799
88788
53849
367169
367173
367242
367241
367224
367178
367165
367157
367234
367181
367175
367162
367172
143895
336344
336353
226270
226532
229485
241509
244988
252654
301621
301747
302173
301518
301889
119125
118793
43096
134875
132147
133860
134284
102820
213610
357367
175770
279912
280036
280159
76370
351586
21119
64333
108259
210502
206936
369502
370990
370271
369989
370943
369200
369794
370951
370407
369665
369195
370946
369170
330714
330725
245179
244559
245613
14095
314675
314649
314653
338971
346413
66321
66408
165196
343144
342860
364899
342211
342042
340846
340848
339067
358352
356931
358866
359051
359462
359804
359380
357759
358832
356458
356477
361555
361680
304522
304896
304794
304811
304722
304574
304576
305038
304756
304651
339075
340457
340279
339054
340286
339995
362124
362172
360161
357009
356198
357834
360781
359167
359458
364935
364264
364611
364422
364100
365130
305040
304889
304989
305002
305003
304681
304772
309894
30455
222430
226353
322993
322956
339496
339061
341784
340738
322964
324038
323941
323988
323971
324035
330076
330069
330071
328108
327984
328432
328565
328806
328888
328901
328849
328497
328871
328583
148919
332570
332596
332500
332475
332574
340247
339799
342147
359411
360184
84691
85169
370774
265162
269990
207372
55712
226213
9479
9271
40443
40647
40522
39735
360294
302862
101327
178014
187398
205510
233065
234396
340799
351635
356187
360801
369715
369559
369600
369584
369652
369699
369843
92283
73629
276878
136871
360747
360756
361589
360132
361712
361773
169602
170232
167061
170659
166316
168895
160472
161818
184169
357324
358161
357037
358701
361933
328598
269759
351654
351653
353844
366635
355659
355374
355504
142666
243401
243600
248804
250150
360797
356788
357078
358333
360891
356624
356171
356205
357457
359465
55354
62917
62957
63082
62847
62748
63192
62970
63310
63063
63196
63389
62856
63262
63394
63275
63276
334189
334170
334195
136777
93678
156172
274465
276456
303883
356188
356332
63186
63402
62849
63126
63145
63233
122832
122907
122952
122997
142133
141862
142056
143005
142572
143106
141763
142545
139945
141156
139872
140561
139258
139801
140840
332480
192640
193154
193051
192656
193259
192723
192758
192929
107348
111482
369539
369842
369829
369860
369613
369538
369760
369618
369631
369824
369625
369763
369542
369830
369877
369581
369548
369643
369579
369708
369626
369628
369784
369795
369586
369537
369701
124893
237808
341561
364788
175699
218445
218550
216981
217360
217369
218147
63568
69763
75924
83382
90427
197801
167253
184066
117222
109567
306038
57628
57990
58461
58768
85411
85751
85931
85947
85788
94625
60746
61050
60884
341237
359494
359464
359886
360347
359580
359601
370365
363843
332482
332502
332620
332649
332660
332578
332492
332514
332524
332561
332564
332621
332525
332664
332539
332534
332535
332673
340869
340968
340898
340915
340735
340849
360893
360937
358392
357495
358524
358406
357533
357730
363996
185045
191646
198289
201466
204360
369686
369797
369733
369635
369569
369844
369836
369580
369567
369742
369747
369713
369811
356662
360503
360473
357303
360382
341705
341707
341713
341622
342198
341634
340717
341418
340772
341911
341644
360469
359452
359960
358788
359210
362219
359486
364690
263695
263621
263805
277966
256781
368934
371603
39143
100834
193787
234944
188385
89945
110731
111103
141784
143488
302915
302994
302963
303020
302911
303032
303040
302991
310957
327318
327245
277861
305865
34282
354620
365792
369185
369192
151278
184012
189024
371302
203979
211276
206016
109959
250029
236613
236252
249085
240141
245048
236414
236673
248602
248690
236898
235941
249645
236198
243471
244331
237618
244451
87458
209647
211702
304918
305935
305744
305966
304961
305969
305693
305763
305180
205838
91850
208388
344940
328388
15425
211084
276896
370213
369346
200694
201689
209864
95913
352542
212263
329747
336349
212788
250356
304978
306041
305192
25011
263956
48878
251361
360838
209975
204225
208560
209225
206149
202993
200517
203477
367212
345670
273091
47124
257086
370212
305018
305019
359977
212657
328221
211028
200460
53417
208851
204424
207039
285753
286197
288724
192561
369597
211686
305672
358732
338845
92234
205706
264028
204450
305027
305695
121562
121607
150768
150989
153166
153200
153233
211282
370798
208265
209974
153294
158190
158047
177151
187593
187495
187590
187899
187924
187926
350144
202670
251455
218745
211281
187822
238290
238095
238193
238128
238135
238162
238220
238224
238406
238476
205146
201519
201729
249743
249973
299851
355501
348133
354552
347896
354553
327945
331488
331501
331469
331492
331465
331497
331485
331403
331630
231291
34385
277906
277895
278577
283754
277919
278477
354728
350045
42524
348740
354739
350316
350684
349976
349541
169362
154665
170677
170296
170317
16568
17240
19251
72294
197776
215712
219719
214138
190490
198117
216659
197569
349538
94628
145653
146301
145417
145896
144911
144963
145945
145563
148074
148080
146708
148626
146879
147771
147611
147254
148445
147371
150205
149200
149209
148193
159112
171131
350707
350505
350411
349099
349983
349440
349552
350525
349767
349190
349199
350803
349610
349230
349646
355921
288780
350474
348206
347438
150210
149955
149965
150217
150218
143955
143220
143137
143328
143667
146525
146559
146551
97956
101258
138792
138669
138602
137610
137873
136601
137259
137013
137995
137913
136936
138736
139028
348749
185407
185189
184853
185840
185576
184620
184587
184921
184372
185749
184396
185062
184595
185171
184695
184736
185804
186585
186817
186600
184616
186542
187149
197805
139033
139059
139066
136563
136603
137462
137984
137802
137881
136770
138769
137907
138452
138487
136528
349519
350463
355461
354858
356781
356279
356014
355366
354375
353634
343788
46806
138572
138268
136435
138690
138301
137132
138278
137990
137617
19628
22893
19717
22056
333940
333976
333985
78621
354746
161666
207598
222015
70864
280539
352894
352903
353625
350601
106339
234051
89523
9138
8116
4312
6083
12251
12343
7054
9514
9550
9109
7028
9762
7321
15893
354191
347116
348563
348588
198074
198126
198226
198111
222064
231151
231148
231486
12768
9190
14071
8993
12754
12329
22721
348770
10843
370651
10669
14220
13626
11808
355798
354940
355619
354967
204619
163771
171019
186137
192500
198154
202725
188726
189738
196840
194374
202372
202708
202684
202791
204850
200113
200939
183272
183206
183316
183456
183790
183579
302557
302023
98602
100768
169515
160762
148128
158743
160812
79123
72687
74344
78490
70770
74773
78515
71800
72098
321845
321863
125344
133992
128894
132608
135209
169147
373332
373339
373686
76690
60558
60762
296501
176216
176346
174696
172354
173506
176594
187877
187745
373442
373212
126242
128388
129464
200055
112476
373214
121769
128432
138323
141943
373396
46551
51867
52370
53825
290401
290000
290320
289791
125691
126128
159109
158925
272156
200656
129830
122588
131465
129629
122604
127646
123535
123700
117166
110726
126039
129533
112520
121058
117395
108296
108839
119370
127865
127620
116237
120841
131998
118527
122510
113919
72566
111616
118552
128856
129523
116399
122807
123076
117647
110051
113349
131589
116232
118804
108205
210677
365409
18072
17722
18696
19070
173695
163760
182081
181314
182486
181948
182222
182336
182484
182356
182431
181737
181217
262410
362510
362156
362526
362699
362746
362278
362001
182700
183015
182830
182889
183242
371533
36946
34831
342515
37797
259659
91002
265532
249210
369485
44297
345819
278935
232673
91737
330854
203019
327126
369610
245271
341959
276379
277272
86142
92684
96162
108249
108469
203608
203012
206177
206609
206699
202008
203181
204387
327527
345037
201217
286434
328642
238415
352547
328759
329385
264864
254327
253227
100863
88200
249417
203927
368572
207642
210423
269025
341702
330172
358767
264075
203664
362049
369478
277779
271976
369743
87300
329315
256771
203157
203020
336469
272931
368055
30142
347099
360375
235142
368321
30240
373511
252792
249018
36172
27477
31953
31217
259509
207986
258707
232543
300397
321298
305213
52009
48733
47210
67684
202003
50694
252498
203628
210175
367194
367735
349990
373412
363123
259977
211783
202512
90309
331953
365701
366426
366287
284190
277227
373023
327873
34431
215089
214736
238221
203607
219744
346554
209003
352245
341919
371197
350150
345740
336864
212731
209002
320854
347173
236070
330231
369025
359845
348375
364406
331504
332365
366864
53213
367256
325391
331655
289220
354772
370182
231119
269060
271282
30199
262691
297943
277866
333900
347599
251611
328647
204753
366555
208772
261571
15778
4736
16963
18013
9744
2834
5078
4780
138719
192810
192896
200835
176412
176730
12072
118439
38484
362588
335781
242229
356814
239092
138402
87128
138717
36825
369347
252619
333167
269971
212305
203936
235465
196470
138747
373662
353295
30843
367427
274202
367358
92398
92302
92440
346264
264897
361464
337168
37208
35179
329450
161155
127812
115802
200044
365662
345211
367166
37919
202771
368198
373101
349233
370020
349236
269024
107561
343666
117886
60154
67746
210003
203627
206864
200758
333472
369012
356813
205670
277501
343353
342965
342853
94677
322397
346128
327350
369228
201808
371318
201790
364188
335444
277400
316613
313634
314889
324512
373255
212798
268658
59229
33034
48713
369786
261289
248416
342484
369477
256997
36523
371597
255520
342218
368849
368333
367650
202096
207129
337488
61130
53568
288278
48138
290612
244503
244545
62097
61912
19304
21679
331863
33992
27968
331755
331915
331918
331823
331826
331861
331867
331833
263762
291238
333507
209821
349950
111583
65602
63518
64415
68929
67955
61690
62114
59652
67858
63800
63354
63358
64005
64875
61715
58675
100478
100487
118459
141427
137805
163324
155925
187833
290552
44503
122452
1289
43916
41043
30666
72796
72825
8839
73045
71805
73096
21099
19604
20598
67979
152363
161711
202921
203004
215110
215112
215350
215264
215439
215440
215114
215352
215169
216420
207297
218888
206983
215399
215330
215332
215453
215304
215307
215124
215168
215205
215421
215337
215312
215498
215258
215522
215260
215125
216474
22132
22380
22990
223926
283449
289328
106686
179975
306436
306474
306460
306270
306279
306266
207192
70993
71197
72119
98000
102277
86185
86422
95172
101546
323897
311839
312071
98424
92691
72995
88883
293903
13929
10784
326063
13817
92784
143868
121511
91360
121941
166036
144054
147534
144099
98626
123012
263909
263940
112709
147202
147480
221185
80352
204900
131185
137486
138192
138658
138456
137979
137596
138639
137321
138663
136932
137347
138067
64040
72502
72503
72599
74193
66619
152523
139356
125389
106777
126378
78513
186609
155980
155486
67812
67045
68117
292290
291788
150775
151726
155241
157206
157457
255484
71171
149973
327033
362223
362230
260446
163520
366725
144812
266049
273673
257652
362210
362213
362233
362268
362152
362273
362203
362174
362221
362192
362196
362197
64780
65061
65399
284572
267667
284582
268459
306914
284638
296705
199965
199996
200026
200042
151898
152170
156801
158932
363861
364030
364221
364072
363703
217027
334472
334493
334542
334547
334561
334556
334513
334519
334521
334538
332311
333087
332783
332392
332702
339992
339994
339959
339986
339988
339987
339910
339990
339966
340372
372195
333732
333425
111785
287918
287923
358807
358827
80412
237637
237698
237750
2920
5455
7281
10579
11568
36573
25155
93231
85153
86770
181900
209882
173834
270894
270425
343479
27633
27782
27694
27705
27657
27660
27661
130751
130705
131091
130947
298601
14003
11704
183302
154209
174166
174225
158291
184026
161421
198521
214862
205935
202002
202340
202889
203653
310259
9128
13720
15448
13925
191048
278969
325261
318234
331359
322101
319399
321388
327476
329070
325986
300276
290035
327303
320011
320404
331420
327625
319858
319765
319424
320213
321951
320529
322125
320857
321487
321988
164234
141071
164124
72124
71775
71894
71804
248734
265371
266333
330485
320600
329678
329094
319183
329700
319768
319774
330143
22338
258222
259603
273722
271816
274072
276958
275709
273535
278268
295949
147728
152464
155749
152224
147176
367701
367628
331475
329733
330585
329708
329764
320949
329712
322024
320678
318125
330406
157801
157873
172383
165089
283652
315138
294037
248026
228330
230468
244436
243951
243869
244104
329977
331058
330144
328534
293429
293655
293195
293422
293197
294684
293666
293521
294711
294348
294392
293341
330600
331110
293928
293182
292800
292770
293062
294120
294516
230081
42957
46124
52660
42509
47092
328744
320683
328858
256220
243495
229851
252128
117785
117974
330614
329304
328745
326952
329527
327811
327607
327210
61014
60994
60967
81795
330029
330154
331127
331332
331349
326686
310112
310114
325252
325276
325293
287425
84350
327562
326476
329170
331199
319597
323063
321639
143293
143346
143357
143364
279462
320963
320874
320240
322239
206000
56922
317774
144583
142861
146012
141285
140570
137362
139941
145958
135198
129036
134671
342691
93870
92084
322669
322742
322786
318058
328950
320687
319752
