352553
348177
348257
350715
350527
348549
350914
346984
348108
346360
350551
348219
348090
350238
354846
356226
352528
353063
351554
353082
354689
355399
352690
352859
351816
351739
354833
362887
364313
364284
367239
366336
364938
366842
366242
365995
365865
365075
364168
363840
31954
366658
364654
366249
364792
364813
364881
364859
364835
365384
236570
364121
363796
363780
366107
365807
365534
366897
363495
364226
234101
363163
128935
365741
364365
370788
372941
372187
372726
370394
370966
373460
370440
372904
372781
371088
372724
371502
370285
373570
372815
370818
370957
370633
371535
372161
372962
371254
372638
372601
372453
370434
371755
370505
371268
373133
371579
372077
371021
371745
372127
372550
373228
370323
372828
370581
372834
288999
243092
14381
159108
36730
76314
5988
25123
82732
292928
211762
256737
277296
286117
252961
253222
271261
209749
282422
262273
269785
209963
279237
17353
276044
255543
280555
239087
225179
227296
8200
89581
298274
269059
235528
231629
282467
249907
235466
278669
241659
282457
252505
234596
294904
283972
243378
274212
218036
243395
244185
262353
91207
14729
262430
294923
281046
269970
278899
298111
234231
271742
256500
270663
223663
298951
234971
283177
33036
227141
12859
227199
232803
266843
298770
215588
265988
294708
282464
293985
239012
116039
270173
233294
255651
256288
280841
273681
276995
260810
271260
260352
231200
273301
212834
261514
290624
282379
282438
206795
237644
294911
252680
285121
269774
273507
231465
35351
213997
271358
226625
254141
294916
289703
231511
213219
286929
290365
273728
229233
262271
207709
285981
232853
227718
230388
273124
281275
257757
296177
244470
233339
245036
289330
230005
235883
117879
293104
229253
248166
263262
213528
235634
294872
290680
25475
291573
22037
73775
294922
267235
257749
273985
28180
245241
299755
247823
283799
282670
223588
243202
217342
217976
243350
278442
279876
280012
276561
262478
209342
222986
239537
214745
287333
289708
4039
28753
84944
100620
30422
255110
284646
225070
231206
237333
225865
263418
263626
234943
286925
271809
231512
273539
282371
278443
220625
103957
4877
35053
106512
31179
213614
241727
274493
295102
248327
232505
263974
272422
272948
226002
274677
244201
293114
291276
291379
275346
296531
282400
275030
116260
9631
16396
33437
355346
347999
345905
361639
361936
360056
360623
345550
348610
346220
349861
345513
350562
348816
347060
351289
355492
347159
348328
356929
348363
360529
361090
350675
349937
346278
360093
359482
361506
350560
348302
348703
352165
355780
348429
360985
356806
353993
349689
348714
360818
350341
361931
361491
348116
345525
357189
346454
356830
360506
361513
355601
350468
354311
356350
355450
353284
347088
348001
354517
347640
355488
352875
359692
347654
348827
348506
351629
356872
355160
350163
347988
350201
361651
348578
348186
349811
345160
354990
355120
351089
356164
359934
345657
353174
350008
346412
350794
355730
353632
353173
354511
354216
354637
353346
355180
353293
351992
362015
361331
360886
346859
355435
354198
361195
356180
355566
352926
352130
353404
355376
355279
347139
352841
352101
350208
346676
345161
349786
347799
360625
361175
347123
347970
355452
348042
357100
360448
361008
361772
361068
359675
348308
354577
351163
361202
361832
359112
355041
360848
350079
352512
353646
353820
352442
361048
360385
352898
354525
355114
360647
357216
359546
360063
361790
362080
362084
350346
348773
350192
346721
355877
347810
355680
352850
352730
355032
355679
351829
353814
355394
351612
352360
355008
354296
346460
346010
348544
352622
347341
357101
356959
349402
356705
350726
346339
347187
351359
352843
352148
357106
357219
360981
354799
359720
349850
360119
345346
352596
353294
360760
354924
348353
352048
349063
354767
348784
361032
349443
355174
361746
355631
348368
355058
356313
345771
361474
361718
351937
360865
355967
353979
351546
356229
355213
352764
352973
353107
355227
355202
356002
345105
345901
347924
348895
349498
349859
350641
346559
348104
361227
361782
355821
359611
350773
345989
347222
350589
354910
346772
347355
345527
350093
350985
347432
345585
350176
349220
355164
360862
345635
345502
354397
356354
354980
351933
356344
359588
355869
355538
369017
124492
82593
155502
161576
150582
161646
145422
127874
69065
65378
72143
72316
366064
145175
172677
101971
172258
64656
63364
101914
76741
69837
75290
333307
153055
147887
167946
348713
348733
327302
82655
88445
71946
172661
165832
150642
337816
138632
150751
166154
157418
171644
136810
157566
157339
66543
66659
127640
360573
369008
361397
151187
78934
114517
109340
168437
331025
71662
144298
169470
172615
171575
125739
110867
106644
147931
169630
172683
163662
163098
150520
165828
118046
337161
74430
172604
170791
120192
162404
172510
172526
148500
138060
142567
165282
74973
119888
83899
154832
334785
64581
80137
89538
48137
41099
369985
101402
55247
50196
4534
367568
337714
338276
36634
35256
1640
362891
329292
364306
368966
57881
121383
111354
102600
116739
338289
370009
364706
9419
85114
110656
122473
118589
5062
61624
54097
60866
58752
116923
117134
113009
23049
50998
36527
55441
102168
100601
124228
96463
328484
363458
91290
87579
337748
367690
369057
366054
363279
365056
363275
365733
366060
366358
365049
53395
105438
48579
51288
366072
362628
363309
364105
365872
7277
19505
48006
87780
366967
89478
89566
106464
18766
24235
331145
368519
363500
38443
112550
34075
60446
101443
367477
366208
368006
45483
6823
69577
79556
104996
64257
96452
27752
336590
335268
336822
174404
364430
329088
368026
365779
368773
367047
98507
18725
363317
366513
367415
365036
370015
365511
367397
364067
364339
93613
117860
367226
363434
369330
366223
363295
363159
65425
98681
364194
369823
54071
31273
96454
335245
368031
369970
367762
369617
370485
371348
373027
372931
369344
368696
367953
373019
372565
368121
373262
372361
372811
371306
369521
367726
373807
371695
371613
370776
368225
373562
371235
368752
367557
367849
369972
368885
369869
372927
371284
371680
372869
372827
373037
370787
368199
367893
347055
364584
346566
367747
198198
365412
366038
366438
366310
364303
364300
363230
93206
100611
349154
363182
336997
343337
342943
332797
332895
343088
334675
334696
337732
211989
123062
336097
336604
342616
362893
364443
364641
366713
367245
162854
366263
366283
364505
363588
363184
364956
366320
366225
363951
365372
364106
366500
177966
363376
364398
365630
365090
62309
92893
93269
111104
111241
90774
94543
86655
122487
83702
79592
122569
120396
99469
76133
84448
89752
107205
126205
90286
126272
113710
126496
104294
65011
93824
111308
94949
122480
104499
81749
71210
94579
86410
111811
363465
363325
100715
100050
39888
56401
48058
340376
340173
53633
37379
47692
31990
53910
19801
21038
50358
49588
42018
54431
38586
42286
41336
22424
42950
31426
13098
57792
5143
341092
341238
57297
34497
42183
48850
9476
61109
10760
6860
6861
139901
128950
129075
248494
64386
64547
64821
64213
241442
158751
170806
306850
307032
307011
306931
306722
306855
306948
306637
307057
306900
214586
222895
208988
245558
209452
246963
111796
108733
88132
271660
336367
42151
42364
42583
112007
169497
300569
250329
250511
249732
249661
249303
320799
320807
57232
57351
57850
300637
219722
234811
220831
19300
340115
297776
298067
298172
295151
298224
295802
293520
301244
301801
301833
297035
292784
292939
294087
339725
318035
318356
318284
318357
318342
339739
41025
287278
9220
265467
306889
214486
111285
142457
142380
140685
19557
21713
34542
262091
262193
246435
225439
232834
297685
242072
148327
94689
342654
120860
147443
148291
169893
121462
150666
169957
159707
170474
340074
30419
31599
131262
130915
35146
336452
189548
180700
185217
189787
197761
369230
133569
133434
362414
369757
368992
330471
321369
322917
268139
268113
268117
193793
224306
250152
250381
254209
258009
127503
196620
224315
225165
223594
20629
17420
19492
14838
19029
14656
16365
16689
17290
14649
15110
93578
362052
49835
369468
232811
232975
242826
242141
238102
239548
262396
263834
257273
249311
249298
263958
264219
262452
261773
255311
262916
258510
256081
264708
263801
261056
260552
258496
268580
252333
254753
309102
281771
75357
372951
372735
186768
185533
141142
81430
360221
314822
315920
312927
323725
146605
349708
350122
143851
143975
76264
76240
76081
354646
354585
353897
350263
137452
137966
137455
138316
137272
138687
137926
137301
354663
353347
354541
348951
137032
137220
137901
138771
87062
354542
20019
22853
182264
353431
354504
234184
233164
235337
235861
235223
237674
237824
15335
15582
347862
16729
11602
17869
11732
279692
169448
110782
106829
107426
107693
108866
338341
338128
338149
235821
235782
235863
79192
76852
79469
89488
112242
38742
259989
260437
61575
159255
202051
189561
189241
187916
190833
183611
372128
204446
201579
205115
127020
208152
208353
210054
211657
212182
218737
189603
189601
261972
372850
363307
369508
251663
232287
369933
239582
228888
208380
231380
261881
253834
238414
261431
255453
231535
255266
248283
288629
282752
236207
48716
364288
366987
368418
352532
328357
223164
346928
236082
368947
253147
350141
250020
35376
263878
263868
298310
8900
17679
350103
237053
248123
199439
365548
364255
369476
248375
204187
207913
213953
217856
222566
51653
238837
369317
337980
30148
336727
203167
346619
369506
205340
205570
211247
239274
259069
237284
232937
370503
291440
281650
307572
285169
290273
239507
328514
255566
367073
277744
256278
156836
92945
76034
128454
76158
79943
75532
193068
197603
201436
197449
193522
211121
195827
49647
43624
43688
44811
184500
177665
177459
180659
184948
287505
287689
287368
287191
288461
288053
282110
96915
290924
291482
291481
117465
129206
135753
149470
192136
196485
196953
197918
212239
83975
84075
82607
82532
82707
84238
82807
84003
83960
83902
84044
83225
83851
306274
306229
308000
75988
79821
74390
75516
82963
83087
76726
111000
97048
83121
83781
90831
111761
88411
56301
56501
56602
56660
56671
56886
48736
266016
266855
99402
59521
77006
67501
86771
61859
81201
82345
263268
264786
131280
89918
131517
101641
247356
247073
247343
247208
247271
247319
247313
247229
247205
247285
247203
247083
247164
247133
247247
247377
247235
247218
247364
247426
247138
247128
247125
247091
134524
103186
368521
136631
90767
180864
190321
190237
190188
190149
190293
190313
190178
190119
190195
190250
252799
21870
13332
20178
13006
314178
311185
114395
111005
111655
116758
112965
113754
113851
337435
337430
337852
337197
337898
337818
33870
35279
326741
326650
326820
326908
326737
326557
326522
326669
326898
209004
184032
252318
194076
281375
281217
281308
281064
281164
281421
281374
281159
281205
281372
136634
145492
154200
158805
160469
256905
257461
259493
260416
257846
261733
262729
263041
243293
246998
295596
295620
251679
252643
254464
195044
95102
293789
292885
292891
293688
294673
294721
233373
233614
364819
196336
199867
309300
309307
309277
309273
323782
242900
9042
21701
216301
216797
292528
331490
331536
59362
111477
281172
194782
197804
199571
198081
199962
195737
199706
194208
199649
193148
196216
196796
194770
199348
197177
